-128863.24 -114447.57 -122651.205 -114447.57
-122651.205 -114447.57 -116439.17 -114447.57
-116439.17 -114447.57 -110227.135 -114447.57
-110227.135 -114447.57 -104015.09999999999 -114447.57
-104015.09999999999 -114447.57 -97803.06499999999 -114447.57
-97803.06499999999 -114447.57 -91591.02999999998 -114447.57
-91591.03 -114447.57 -84269.7075 -114521.5225
-84269.7075 -114521.5225 -76948.38500000001 -114595.475
-76948.38500000001 -114595.475 -69627.06250000001 -114669.4275
-69627.06250000001 -114669.4275 -62305.74000000001 -114743.38
-62305.74 -114743.38 -55095.347499999996 -114817.3325
-55095.347499999996 -114817.3325 -47884.954999999994 -114891.285
-47884.954999999994 -114891.285 -40674.56249999999 -114965.2375
-40674.56249999999 -114965.2375 -33464.16999999999 -115039.19
-33464.17 -115039.19 -26542.194 -115039.19
-26542.194 -115039.19 -19620.218 -115039.19
-19620.218 -115039.19 -12698.242000000002 -115039.19
-12698.242000000002 -115039.19 -5776.266000000002 -115039.19
-5776.266000000002 -115039.19 1145.7099999999973 -115039.19
-124869.83 -81020.9 -118534.54166666667 -81292.05666666666
-118534.54166666667 -81292.05666666666 -112199.25333333334 -81563.21333333332
-112199.25333333334 -81563.21333333332 -105863.96500000001 -81834.36999999998
-105863.96500000001 -81834.36999999998 -99528.67666666668 -82105.52666666664
-99528.67666666668 -82105.52666666664 -93193.38833333335 -82376.6833333333
-93193.38833333335 -82376.6833333333 -86858.10000000002 -82647.83999999997
-32576.76 -86493.4 -26068.9175 -86493.4
-26068.9175 -86493.4 -19561.075 -86493.4
-19561.075 -86493.4 -13053.232500000002 -86493.4
-13053.232500000002 -86493.4 -6545.390000000002 -86493.4
-121763.81 -56468.54 -115182.01333333334 -56912.25833333333
-115182.01333333334 -56912.25833333333 -108600.21666666667 -57355.97666666666
-108600.21666666667 -57355.97666666666 -102018.42000000001 -57799.69499999999
-102018.42000000001 -57799.69499999999 -95436.62333333335 -58243.41333333332
-95436.62333333335 -58243.41333333332 -88854.82666666669 -58687.13166666665
-88854.82666666669 -58687.13166666665 -82273.03000000003 -59130.849999999984
-82273.03 -59130.85 -75222.87 -59525.26666666666
-75222.87 -59525.26666666666 -68172.70999999999 -59919.68333333333
-68172.70999999999 -59919.68333333333 -61122.549999999996 -60314.09999999999
-61122.55 -60314.1 -54097.037500000006 -60646.89
-54097.037500000006 -60646.89 -47071.52500000001 -60979.68
-47071.52500000001 -60979.68 -40046.01250000001 -61312.47
-40046.01250000001 -61312.47 -33020.500000000015 -61645.26
-33020.5 -61645.26 -25082.903333333332 -61891.770000000004
-25082.903333333332 -61891.770000000004 -17145.306666666664 -62138.280000000006
-17145.306666666664 -62138.280000000006 -9207.709999999995 -62384.79000000001
-30358.14 -37684.57 -23850.3 -37684.57
-23850.3 -37684.57 -17342.46 -37684.57
-17342.46 -37684.57 -10834.619999999999 -37684.57
-112889.42 -1299.81 -106332.265 -1940.735
-106332.265 -1940.735 -99775.11 -2581.66
-99775.11 -2581.66 -93217.955 -3222.585
-93217.955 -3222.585 -86660.8 -3863.51
-86660.8 -3863.51 -80103.645 -4504.435
-80103.645 -4504.435 -73546.49 -5145.360000000001
-73546.49 -5145.36 -67630.26000000001 -6550.46
-67630.26000000001 -6550.46 -61714.030000000006 -7955.56
-61714.03 -7955.56 -55265.352 -9552.938
-55265.352 -9552.938 -48816.674 -11150.316
-48816.674 -11150.316 -42367.996 -12747.694000000001
-42367.996 -12747.694000000001 -35919.318 -14345.072000000002
-35919.318 -14345.072000000002 -29470.64 -15942.450000000003
-29470.64 -15942.45 -23287.37 -17763.143333333333
-23287.37 -17763.143333333333 -17104.1 -19583.836666666666
-17104.1 -19583.836666666666 -10920.829999999998 -21404.53
-128863.24 -114447.57 -128064.558 -107762.236
-128064.558 -107762.236 -127265.876 -101076.902
-127265.876 -101076.902 -126467.194 -94391.568
-126467.194 -94391.568 -125668.512 -87706.234
-125668.512 -87706.234 -124869.83 -81020.9
-124869.83 -81020.9 -124093.325 -74882.81
-124093.325 -74882.81 -123316.81999999999 -68744.72
-123316.81999999999 -68744.72 -122540.31499999999 -62606.630000000005
-122540.31499999999 -62606.630000000005 -121763.80999999998 -56468.54000000001
-91591.03 -114447.57 -90644.444 -108087.62400000001
-90644.444 -108087.62400000001 -89697.85800000001 -101727.67800000001
-89697.85800000001 -101727.67800000001 -88751.27200000001 -95367.73200000002
-88751.27200000001 -95367.73200000002 -87804.68600000002 -89007.78600000002
-87804.68600000002 -89007.78600000002 -86858.10000000002 -82647.84000000003
-86858.1 -82647.84 -85329.74333333333 -74808.84333333332
-85329.74333333333 -74808.84333333332 -83801.38666666666 -66969.84666666665
-83801.38666666666 -66969.84666666665 -82273.02999999998 -59130.849999999984
-82273.03 -59130.85 -80941.88 -52228.6
-80941.88 -52228.6 -79610.73000000001 -45326.35
-79610.73000000001 -45326.35 -78279.58000000002 -38424.1
-78279.58 -38424.1 -77332.962 -31768.352
-77332.962 -31768.352 -76386.344 -25112.604
-76386.344 -25112.604 -75439.726 -18456.856
-75439.726 -18456.856 -74493.108 -11801.108
-74493.108 -11801.108 -73546.48999999999 -5145.360000000001
-62305.74 -114743.38 -62157.84125 -107939.72
-62157.84125 -107939.72 -62009.9425 -101136.06
-62009.9425 -101136.06 -61862.04375 -94332.4
-61862.04375 -94332.4 -61714.145 -87528.73999999999
-61714.145 -87528.73999999999 -61566.24625 -80725.07999999999
-61566.24625 -80725.07999999999 -61418.347499999996 -73921.41999999998
-61418.347499999996 -73921.41999999998 -61270.448749999996 -67117.75999999998
-61270.448749999996 -67117.75999999998 -61122.549999999996 -60314.09999999998
-61122.55 -60314.1 -62009.97 -53658.35
-62009.97 -53658.35 -62897.39 -47002.6
-62897.39 -47002.6 -63784.81 -40346.85
