-130690.0 -12763.0 -59377.523438 50322.0 -130690.0 -12763.0
-130690.0 -12763.0 -138381.0 84595.0 -130690.0 -12763.0
-130690.0 -12763.0 28271.0 -106163.0 -130690.0 -12763.0
-130690.0 -12763.0 -122676.9375 -63717.0 -130690.0 -12763.0
-130690.0 -12763.0 -160053.0 47145.0 -130690.0 -12763.0
-130690.0 -12763.0 -100104.0 -53483.0 -130690.0 -12763.0
-130690.0 -12763.0 -67871.0 -68385.0 -130690.0 -12763.0
-130690.0 -12763.0 -171906.0 40680.0 -130690.0 -12763.0
-130690.0 -12763.0 -58759.0 -53742.0 9936.0 -24933.0 5248.0 -23857.0 -12542.0 29823.0 -30192.0 8209.0 -92682.0 -89405.0 -71259.0 3589.0 -53782.0 80449.0 -30923.0 19049.0 -116763.0 -49119.0 -174698.0 -79754.0 -130690.0 -12763.0
-130690.0 -12763.0 -162962.0 -71312.0 -130690.0 -12763.0
-130690.0 -12763.0 -77270.0 -58652.0 28544.0 26310.0 13611.0 -85169.0 -29569.0 88015.0 -130690.0 -12763.0
-130690.0 -12763.0 -106549.0 -55965.0 -130690.0 -12763.0
-130690.0 -12763.0 -72861.0 -40006.0 -98339.0 -56250.0 21235.0 79127.0 -121204.0 -80363.0 -73418.0 -27445.0 -11076.0 -5489.0 -8121.0 -66338.0 28238.0 56782.0 -52509.0 -1191.0 24819.0 67591.0 -122361.0 -73191.0 -130690.0 -12763.0
-130690.0 -12763.0 -170693.0 55628.0 -130690.0 -12763.0
-130690.0 -12763.0 -52425.0 -52191.0 -130690.0 -12763.0
-130690.0 -12763.0 -68808.0 76634.0 -62180.0 66430.0 -72633.0 62812.0 -59486.0 -53305.0 -130690.0 -12763.0
-130690.0 -12763.0 -88937.0 77846.0 -60225.0 34673.0 -167667.0 33504.0 -56440.0 81036.0 -136699.0 71657.0 -36474.0 41548.0 -44393.0 57396.0 -142366.0 -77988.0 -122924.0 47651.0 -51856.0 -89943.0 -159165.0 74584.0 -18055.0 75626.0 -127503.0 -53978.0 -33777.0 -73258.0 -14501.0 -85681.0 -35928.0 -205.0 -165137.0 29331.0 -110427.0 -40848.0 -125736.0 53613.0 -173938.0 -69518.0 -167445.0 87067.0 -32932.0 20052.0 -162312.0 44891.0 -130690.0 -12763.0
-130690.0 -12763.0 28432.0 83703.0 -130690.0 -12763.0
-130690.0 -12763.0 -1468.0 81535.0 -130690.0 -12763.0
-130690.0 -12763.0 -102412.0 -104766.0 -130690.0 -12763.0
-130690.0 -12763.0 1074.0 -42341.0 -130690.0 -12763.0
-130690.0 -12763.0 -123590.0 -111231.0 -130690.0 -12763.0
-130690.0 -12763.0 5396.0 53747.0 16662.0 -89566.0 -153009.0 -48864.0 -54189.0 -39837.0 -21417.0 14533.0 -7593.0 -22648.0 -56359.0 -80848.0 -151883.0 -113010.0 -143594.0 -72340.0 -39919.0 73097.0 -170061.0 24662.0 17861.0 17090.0 -47296.0 -55262.0 -104695.0 -54380.0 -142335.0 65357.0 -63356.0 63347.0 25019.0 17469.0 -176771.0 83527.0 -156626.0 68053.0 -51164.0 70585.0 -70047.0 19210.0 -155899.0 -68043.0 -16577.0 -42149.0 -172994.0 85879.0 -112322.0 83842.0 -103363.0 -113056.0 -168530.0 58673.0 -36936.0 -99507.0 -112809.0 73401.0 -130690.0 -12763.0
-130690.0 -12763.0 -156933.0 -58763.0 -3005.0 -92614.0 -130690.0 -12763.0
-130690.0 -12763.0 -64718.0 23277.0 13617.0 -102667.0 -72642.0 55334.0 -128828.0 -74996.0 -130690.0 -12763.0
-130690.0 -12763.0 -70557.0 12772.0 -130690.0 -12763.0
-130690.0 -12763.0 -159137.0 -7350.0 -130690.0 -12763.0
-130690.0 -12763.0 12354.0 -20179.0 -130690.0 -12763.0
-130690.0 -12763.0 -131978.0 57187.0 -130690.0 -12763.0
-130690.0 -12763.0 -34215.0 -5592.0 -130690.0 -12763.0
-130690.0 -12763.0 -145997.0 -77792.0 -130690.0 -12763.0
-130690.0 -12763.0 -163881.0 30451.0 -130690.0 -12763.0
-130690.0 -12763.0 -51520.0 -66763.0 -130690.0 -12763.0
-130690.0 -12763.0 -66963.0 41597.0 -130690.0 -12763.0
-130690.0 -12763.0 -99182.0 -44709.0 -153001.0 -51931.0 -47260.0 57854.0 -130690.0 -12763.0
-130690.0 -12763.0 16007.0 12155.0 -130690.0 -12763.0
-130690.0 -12763.0 -165386.0 -30934.0 -154554.0 36398.0 -5351.0 78970.0 -55733.0 35385.0 -130690.0 -12763.0
-130690.0 -12763.0 -11759.0 2466.0 -3642.0 -130.0 -130690.0 -12763.0
-130690.0 -12763.0 -18259.0 27285.0 -57303.0 -92982.0 -130690.0 -12763.0
-130690.0 -12763.0 -112173.0 -60198.0 -94651.0 -107067.0 -130690.0 -12763.0
-130690.0 -12763.0 -11253.0 11020.0 -130690.0 -12763.0
-130690.0 -12763.0 -60693.0 67664.0 -130690.0 -12763.0
-130690.0 -12763.0 -49939.0 -46865.0 -138334.0 -97668.0 -75828.0 -69551.0 -130690.0 -12763.0
-130690.0 -12763.0 -162585.0 -83552.0 -167676.0 -24525.0 -84000.0 29764.0 19860.0 -31713.0 -4615.0 -49357.0 -130690.0 -12763.0
-130690.0 -12763.0 -2121.0 -63221.0 -156336.0 24863.0 14815.0 -74410.0 -173626.0 -78055.0 -23827.0 -64066.0 -162070.0 -59735.0 -137438.0 -52023.0 8041.0 32275.0 -7071.0 -58101.0 -130690.0 -12763.0
-130690.0 -12763.0 -75072.0 87969.0 -127064.0 -93515.0 -37661.0 67027.0 -65816.0 -67608.0 -148077.0 66388.0 -1334.0 -21571.0 -145854.0 -18936.0 -20080.0 -35989.0 -29800.0 34217.0 -130690.0 -12763.0
-130690.0 -12763.0 -15602.0 -66274.0 -130690.0 -12763.0
-130690.0 -12763.0 10910.0 27226.0 -14385.0 -82853.0 -20164.0 67987.0 8468.0 -73216.0 -13129.0 -76869.0 -8992.0 19478.0 -115430.0 -56723.0 -172697.0 77887.0 -151649.0 -75172.0 -31072.0 -35944.0 -59093.0 -106117.0 -70717.0 -111863.0 -16292.0 -27956.0 -130690.0 -12763.0
-130690.0 -12763.0 -107722.0 59616.0 -10515.0 63948.0 -130690.0 -12763.0
-130690.0 -12763.0 -65242.0 -112444.0 -22030.0 13562.0 -35269.0 71944.0 27.0 -62305.0 -111378.0 -113916.0 -160677.0 37561.0 -120845.0 -29069.0 -16658.0 64524.0 23177.0 -25475.0 -165301.0 26395.0 -8389.0 12966.0 -156867.0 57340.0 -29190.0 4752.0 31299.0 41824.0 -157479.0 -75481.0 -4290.0 36782.0 -146489.0 -102532.0 -64128.0 74589.0 -85342.0 56218.0 -5463.0 -4217.0 -122335.0 -35184.0 20332.0 -58969.0 -96053.0 -19414.0 -67290.0 58373.0 -49966.0 -74092.0 4275.0 -43427.0 -130690.0 -12763.0