-21444.0 -96145.0 27561.0 -207132.0 -131049.0 -23794.0 -57303.0 -197314.0 32562.0 -142681.0 -90667.0 26605.0 37482.0 -109112.0 -71392.0 5168.0 -89587.0 -95732.0 -33454.0 -30566.0 -63133.0 -189209.0 -79168.0 -210576.0 -105278.0 -96995.0 -21444.0 -96145.0
-21444.0 -96145.0 -115147.0 -172862.0 -21444.0 -96145.0
-21444.0 -96145.0 -35731.0 10997.0 -32134.0 -33981.0 -21444.0 -96145.0
-21444.0 -96145.0 3785.0 -124971.0 -21444.0 -96145.0
-21444.0 -96145.0 -57873.0 9531.0 15923.0 -61033.0 -90126.0 -216694.0 -21444.0 -96145.0
-21444.0 -96145.0 -14598.0 418.0 -21444.0 -96145.0
-21444.0 -96145.0 32860.0 -195775.0 -36280.0 -143205.0 -113490.0 -24362.0 -84093.0 -54585.0 18129.0 5564.0 -11233.0 -213824.0 -39471.0 -23551.0 -139773.0 -64093.0 -136195.0 -101174.0 -136410.0 20739.0 -21444.0 -96145.0
-21444.0 -96145.0 -26591.0 -10928.0 -21444.0 -96145.0
-21444.0 -96145.0 -22959.0 -209639.0 -36287.0 -5888.0 -74822.0 -21744.0 -21444.0 -96145.0
-21444.0 -96145.0 -14277.0 -87109.0 -21444.0 -96145.0
-21444.0 -96145.0 -91388.0 -4844.0 13410.0 -160764.0 -70462.0 -97762.0 -41108.0 -173848.0 -3859.0 -187383.0 -27941.0 -159278.0 9710.0 -183924.0 35240.0 -62605.0 -92782.0 -130532.0 -126970.0 -78329.0 -112595.0 -186723.0 3652.0 -119473.0 -86611.0 -27628.0 -33130.0 -219145.0 -21444.0 -96145.0
-21444.0 -96145.0 -57389.0 -170717.0 -21444.0 -96145.0
-21444.0 -96145.0 -134494.0 -117016.0 -21444.0 -96145.0
-21444.0 -96145.0 -22435.0 -145447.0 30876.0 -94677.0 10344.0 -9047.0 -21444.0 -96145.0
-21444.0 -96145.0 -121988.0 -58931.0 -5744.0 -112936.0 -21444.0 -96145.0
-21444.0 -96145.0 18752.0 15343.0 -21444.0 -96145.0
-21444.0 -96145.0 -118939.0 -199483.0 -21444.0 -96145.0
-21444.0 -96145.0 35661.0 -152019.0 -41786.0 -108082.0 -20948.0 23689.0 -115467.0 -90488.0 26550.0 23011.0 -99020.0 -125635.0 -65484.0 -133574.0 -63150.0 -149189.0 -139789.0 -54513.0 -143883.0 -75993.0 -21444.0 -96145.0
-21444.0 -96145.0 -2441.0 17156.0 -21444.0 -96145.0
-21444.0 -96145.0 -5314.0 -84682.0 -21444.0 -96145.0
-21444.0 -96145.0 -121268.0 12461.0 -21444.0 -96145.0
-21444.0 -96145.0 -112532.0 -173971.0 -21444.0 -96145.0
-21444.0 -96145.0 -94998.0 -88628.0 -64729.0 -193392.0 32186.0 -113854.0 -21444.0 -96145.0
-21444.0 -96145.0 -13543.0 -151536.0 -21444.0 -96145.0
-21444.0 -96145.0 -1231.0 17557.0 -110319.0 -121050.0 -10052.0 -177176.0 -143210.0 5713.0 -97356.0 -115313.0 -54523.0 -3030.0 -61695.0 -218707.0 -21444.0 -96145.0
-21444.0 -96145.0 -106810.0 -71343.0 -21444.0 -96145.0
-21444.0 -96145.0 -114562.0 -137943.0 -110942.0 -117060.0 -128521.0 -57683.0 -21444.0 -96145.0
-21444.0 -96145.0 -117570.0 -93956.0 -21444.0 -96145.0
-21444.0 -96145.0 -34894.0 -155308.0 -21444.0 -96145.0
-21444.0 -96145.0 -60158.0 -142953.0 -32609.0 -201388.0 27895.0 -163981.0 34934.0 -214180.0 -122908.0 -200386.0 -3038.0 -105326.0 -21444.0 -96145.0
-21444.0 -96145.0 -11423.0 -92790.0 -12896.0 -11071.0 -93181.0 25615.0 -80038.0 -64282.0 -81305.0 22697.0 -21444.0 -96145.0
-21444.0 -96145.0 -22929.0 -33834.0 -21444.0 -96145.0
-21444.0 -96145.0 27744.0 -187549.0 -119472.0 -122378.0 -54692.0 -186492.0 -83353.0 -87976.0 -40044.0 -3570.0 -13199.0 -108196.0 -35866.0 -2714.0 -18580.0 -41617.0 -72007.0 -134954.0 -30242.0 -68742.0 32431.0 -52528.0 -101484.0 -17224.0 -48778.0 -137410.0 -21444.0 -96145.0
-21444.0 -96145.0 -123088.0 7072.0 -21444.0 -96145.0
-21444.0 -96145.0 26471.0 -202396.0 4126.0 -108779.0 -21444.0 -96145.0
-21444.0 -96145.0 -131245.0 11083.0 -49513.0 -139407.0 -93359.0 -216823.0 -91697.0 -157388.0 -21444.0 -96145.0
-21444.0 -96145.0 22186.0 10526.0 -36255.0 -76636.0 -135819.0 -188516.0 -91580.0 -196062.0 -134417.0 19614.0 -21444.0 -96145.0
-21444.0 -96145.0 -6667.0 -140382.0 -21444.0 -96145.0
-21444.0 -96145.0 35066.0 -136821.0 -21444.0 -96145.0
-21444.0 -96145.0 -75616.0 6274.0 -21444.0 -96145.0
-21444.0 -96145.0 -54722.0 -135225.0 -21444.0 -96145.0
-21444.0 -96145.0 -2225.0 -141872.0 -6191.0 -148335.0 -15159.0 -109465.0 -67228.0 -63861.0 -93123.0 -197432.0 8970.0 -131073.0 -2085.0 -177326.0 18047.0 22826.0 -4111.0 -147155.0 -123079.0 -206548.0 37788.0 -151834.0 -13800.0 -75859.0 -114810.0 -42402.0 -2434.0 -204394.0 -10464.0 -174133.0 -39535.0 -9273.0 -21444.0 -96145.0
-21444.0 -96145.0 -105620.0 -73435.0 -21444.0 -96145.0
-21444.0 -96145.0 -111655.0 -224500.0 -21444.0 -96145.0
-21444.0 -96145.0 -21954.0 -179765.0 -21444.0 -96145.0
-21444.0 -96145.0 -144937.0 -99763.0 -21444.0 -96145.0
-21444.0 -96145.0 -47461.0 -93409.0 -128295.0 -76677.0 3143.0 -223878.0 -96815.0 -101765.0 -53790.0 -57532.0 -63620.0 -28699.0 -43371.0 -161836.0 -36908.0 -111055.0 -14799.0 -114460.0 -117227.0 -197878.0 4520.0 -216280.0 11961.0 -179238.0 -56959.0 -140261.0 -21444.0 -96145.0
-21444.0 -96145.0 29904.0 -89398.0 -21444.0 -96145.0
-21444.0 -96145.0 -146519.0 163.0 -21444.0 -96145.0
-21444.0 -96145.0 21395.0 -90371.0 -21444.0 -96145.0
-21444.0 -96145.0 -111298.0 -11651.0 -21444.0 -96145.0
-21444.0 -96145.0 -47097.0 23972.0 -21444.0 -96145.0
-21444.0 -96145.0 -127232.0 -181741.0 -14573.0 -220260.0 -3228.0 -136676.0 -101278.0 -38435.0 -134342.0 -19370.0 13328.0 -211574.0 23650.0 -9621.0 6656.0 21360.0 -12253.0 -11862.0 -31382.0 22365.0 -21447.0 -98862.0 -143483.0 17776.0 6991.0 -208315.0 7183.0 -142152.0 15147.0 25998.0 -138275.0 -141396.0 -147346.0 -221738.0 -76276.0 -213014.0 -76181.0 -205467.0 -54743.0 -52459.0 -52174.0 -223796.0 -21444.0 -96145.0
-21444.0 -96145.0 -34573.0 7103.0 30943.0 -37876.0 -25085.0 -39355.0 -21444.0 -96145.0
-21444.0 -96145.0 -139235.0 -40721.0 -21444.0 -96145.0
-21444.0 -96145.0 31518.0 -143684.0 -21444.0 -96145.0
-21444.0 -96145.0 23529.0 -3567.0 -122732.0 -82321.0 -21444.0 -96145.0
-21444.0 -96145.0 11467.0 -222661.0 -21444.0 -96145.0
-21444.0 -96145.0 -138282.0 -157447.0 -21444.0 -96145.0
-21444.0 -96145.0 -13523.0 -209921.0 -21444.0 -96145.0
-21444.0 -96145.0 -62912.0 -185782.0 -21444.0 -96145.0
-21444.0 -96145.0 -23737.0 -16025.0 4533.0 -177110.0 -56132.0 -193551.0 -21444.0 -96145.0
-21444.0 -96145.0 -68922.0 -207401.0 -21444.0 -96145.0
-21444.0 -96145.0 22982.0 -13399.0 -21444.0 -96145.0
-21444.0 -96145.0 -41290.0 8540.0 15420.0 -127153.0 -94490.0 -70675.0 -126987.0 -201328.0 -37756.0 -122802.0 -8617.0 -157747.0 35326.0 -215353.0 -100278.0 -16259.0 -21444.0 -96145.0
-21444.0 -96145.0 -24747.0 -101640.0 -21444.0 -96145.0
-21444.0 -96145.0 -136296.0 -40660.0 -21444.0 -96145.0
-21444.0 -96145.0 -12892.0 -140753.0 -48733.0 -157144.0 -3775.0 -98464.0 -29708.0 -91293.0 -68039.0 -24434.0 -106371.0 -61414.0 -61191.0 -74101.0 -133729.0 -132712.0 -99333.0 -116222.0 6108.0 -153256.0 -105335.0 -210896.0 -136015.0 -82759.0 -21444.0 -96145.0
-21444.0 -96145.0 -84374.0 -204633.0 -21444.0 -96145.0
-21444.0 -96145.0 -5206.0 -164127.0 9245.0 -211569.0 -115808.0 11657.0 -70906.0 -104015.0 -126231.0 -212936.0 10422.0 -103978.0 -106499.0 -170912.0 -131116.0 21357.0 -21444.0 -96145.0
-21444.0 -96145.0 -118344.0 -136840.0 -21444.0 -96145.0
-21444.0 -96145.0 -146601.0 -111834.0 -129162.0 -221382.0 -21444.0 -96145.0
-21444.0 -96145.0 -131592.0 -45686.0 -21444.0 -96145.0
-21444.0 -96145.0 -101562.0 -42685.0 -21444.0 -96145.0
-21444.0 -96145.0 -6282.0 -111201.0 18439.0 -67583.0 2923.0 -151829.0 -133960.0 -139239.0 -47640.0 -138153.0 -53063.0 -221697.0 -21444.0 -96145.0
-21444.0 -96145.0 20676.0 -109066.0 -21444.0 -96145.0
-21444.0 -96145.0 -128407.0 -166390.0 -21444.0 -96145.0
-21444.0 -96145.0 17678.0 -93039.0 -129198.0 -224778.0 -21444.0 -96145.0
-21444.0 -96145.0 -143724.0 -109572.0 -21444.0 -96145.0
-21444.0 -96145.0 -69039.0 -135143.0 -21444.0 -96145.0
-21444.0 -96145.0 -65187.0 -218651.0 -21444.0 -96145.0
-21444.0 -96145.0 12724.0 -172087.0 -21444.0 -96145.0
-21444.0 -96145.0 11022.0 -142923.0 -21444.0 -96145.0
-21444.0 -96145.0 -107690.0 -188078.0 -21444.0 -96145.0
-21444.0 -96145.0 -112742.0 -218323.0 -21444.0 -96145.0
-21444.0 -96145.0 -30785.0 -42058.0 -56056.0 5472.0 -49892.0 -67239.0 -89312.0 -42374.0 -48100.0 -37009.0 -66093.0 -106115.0 -131086.0 -130962.0 -17489.0 -110426.0 -55044.0 -14693.0 29001.0 -179173.0 -60317.0 26383.0 -66956.0 -39170.0 -93942.0 -101121.0 -32355.0 -98572.0 -21444.0 -96145.0
-21444.0 -96145.0 -48652.0 -194535.0 -21444.0 -96145.0
-21444.0 -96145.0 -87867.0 -60613.0 -21444.0 -96145.0
-21444.0 -96145.0 -122169.0 -78982.0 19258.0 -207132.0 12247.0 -194827.0 -21444.0 -96145.0
-21444.0 -96145.0 -120883.0 -109416.0 -99656.0 -73777.0 -21444.0 -96145.0
-21444.0 -96145.0 -8145.0 -167096.0 -21444.0 -96145.0
-21444.0 -96145.0 16617.0 -45113.0 -21444.0 -96145.0
-21444.0 -96145.0 -104441.0 7818.0 31562.0 7420.0 -21444.0 -96145.0
-21444.0 -96145.0 -97791.0 11107.0 -21444.0 -96145.0
-21444.0 -96145.0 -45562.0 -215334.0 -21444.0 -96145.0
-21444.0 -96145.0 -78383.0 -29857.0 -21444.0 -96145.0
-21444.0 -96145.0 34586.0 14674.0 -133920.0 -199505.0 -114860.0 -103390.0 -143649.0 -225434.0 -21444.0 -96145.0
-21444.0 -96145.0 -146448.0 9661.0 -21444.0 -96145.0
-21444.0 -96145.0 -48402.0 -117753.0 -21444.0 -96145.0
-21444.0 -96145.0 -5964.0 -168218.0 -141868.0 -162063.0 -22190.0 -113199.0 -53128.0 -108601.0 26396.0 -113652.0 -106241.0 -222780.0 -42250.0 -31866.0 -21444.0 -96145.0
